28 1.05773e+15 13.375 7.07253 11.0447 2 35 4 24 15 4.10001e+08 1.1337e+12 1.13999e+12 7.12859e+08 2.51476e+08 9.5197e+08 0 3.1787e+09 0 1.25874e+09 0 15 5
5 3.85989e+15 14.3125 8.21287 11.4876 2 38 4 27 15 9.63308e+06 1.1337e+12 1.142e+12 1.2184e+09 2.8265e+07 2.40553e+09 0 6.02937e+09 0 3.43855e+07 6.02937e+09 15 15
119 9.08805e+19 26.9444 12.7922 34.0367 2 119 4 28 17 4.51636e+08 1.13356e+12 1.142e+12 1.10357e+09 5.45103e+08 1.69736e+09 0 8.19579e+09 2.17129e+08 1.04243e+09 0 17 17
5 1.8816e+06 4.27273 3.13368 2.17803 2 8 2 7 10 4.30542e+08 1.13379e+12 1.13389e+12 3.59992e+07 4.0406e+07 3.5379e+07 0 9.58983e+07 0 4.36915e+07 0 10 1
3 4.05504e+07 4.21429 2.76916 2.78205 2 11 2 5 13 4.8532e+07 1.13378e+12 1.13389e+12 627933 1.8838e+06 888031 0 1.8838e+06 0 1.8838e+06 0 13 3
11 1.25453e+08 4.85714 2.97135 3.62249 2 12 2 6 13 4.26137e+08 1.13376e+12 1.13389e+12 3.71097e+07 2.11335e+07 3.83411e+07 0 1.0749e+08 0 7.29403e+07 0 13 6
4 55296 2.90909 2.39873 1.23983 2 6 2 4 10 4.37178e+08 1.13385e+12 1.13389e+12 0 0 0 0 0 0 0 0 10 0
5 1.8144e+06 4.18182 3.94444 2.12424 2 9 2 5 10 5.59237e+08 1.13379e+12 1.13389e+12 1.62432e+07 0 2.2607e+07 0 5.75871e+07 0 2.36288e+07 0 10 1
8 3.1104e+06 4.45455 4.34433 2.31059 2 9 2 6 10 4.41765e+08 1.13379e+12 1.13389e+12 4.01298e+07 9.99555e+06 3.84897e+07 0 9.13571e+07 0 8.29973e+07 0 10 2
9 1.25971e+07 5.36364 4.80556 3.255 2 12 2 9 10 5.59237e+08 1.13377e+12 1.13389e+12 2.80149e+07 1.19591e+07 3.97116e+07 0 9.84413e+07 0 6.20229e+07 0 10 4
3 1.05816e+11 6.8125 4.82815 7.69918 2 35 3 9 15 3.48992e+08 1.13377e+12 1.13389e+12 0 0 0 0 0 0 0 0 15 0
36 1.92148e+11 7.25 4.85593 8.09707 2 36 3 10 15 1.10901e+08 1.13377e+12 1.13389e+12 6.73306e+07 7.25524e+07 3.7978e+07 0 1.22984e+08 3.96889e+07 1.03483e+08 0 15 6
11 2.17234e+11 7.375 4.8837 8.34322 2 37 3 11 15 5.66163e+08 1.13376e+12 1.13389e+12 2.89635e+07 1.16564e+07 3.92868e+07 0 9.94633e+07 0 7.93868e+07 0 15 7
38 2.57429e+11 7.5625 4.8837 8.66003 2 38 3 11 15 1.10901e+08 1.13376e+12 1.13389e+12 6.85642e+07 7.12939e+07 3.95632e+07 0 1.24841e+08 3.87203e+07 1.04706e+08 0 15 15
76 4.01465e+22 30.0526 16.7716 34.625 2 119 5 31 18 1.12159e+08 1.13355e+12 1.142e+12 1.79784e+08 1.77441e+08 7.2854e+07 0 3.59572e+08 1.30821e+08 2.38439e+08 0 18 34
11 1.40459e+25 31.8636 12.8244 41.2115 2 145 4 34 21 7.50026e+08 1.13351e+12 5.1241e+17 3.66589e+09 8.65059e+08 6.65308e+09 0 2.33896e+10 0 4.58866e+09 7.35474e+09 21 52
