168 -3.71381e+17 33.725 11.1814 50.3607 2 168 5 42 39 1.58047e+09 4.21046e+12 5.1241e+17 3.63539e+08 2.25355e+08 7.58806e+08 0 5.33631e+09 1.01614e+08 3.36241e+08 0 46 40 780 1035 3.94161e+16 9.52204e+15 2.13479e+17 -5.1241e+17 5.12409e+17 0 3.71633e+09 2.52329e+15 9.36261e+12 3.58691e+16 0 5.12409e+17 269128 1.84988e+07 38
168 -3.71381e+17 33.725 11.1814 50.3607 2 168 5 42 39 1.58047e+09 4.21046e+12 5.1241e+17 3.63539e+08 2.25355e+08 7.58806e+08 0 5.33631e+09 1.01614e+08 3.36241e+08 0 46 40 780 1035 3.94161e+16 9.52204e+15 2.13479e+17 -5.1241e+17 5.12409e+17 0 3.71633e+09 2.52329e+15 9.36261e+12 3.58691e+16 0 5.12409e+17 269128 1.84988e+07 38
2 2.07944e+18 31.7143 10.4075 47.8143 2 162 4 37 41 1.02726e+08 4.2001e+12 4.21062e+12 0 0 0 0 0 0 0 0 46 42 861 1035 4.99911e+16 5.35498e+15 1.89538e+17 -5.1241e+17 5.12409e+17 0 9.01428e+06 2.52329e+15 9.36261e+12 3.58691e+16 0 5.12409e+17 269128 1.84988e+07 74
2 2.07944e+18 31.7143 10.4075 47.8143 2 162 4 37 41 1.02726e+08 4.2001e+12 4.21062e+12 0 0 0 0 0 0 0 0 46 42 861 1035 4.99911e+16 5.35498e+15 1.89538e+17 -5.1241e+17 5.12409e+17 0 9.01428e+06 2.52329e+15 9.36261e+12 3.58691e+16 0 5.12409e+17 269128 1.84988e+07 74
7 290304 2.84615 2.33161 1.34999 2 7 2 3 12 2.16568e+08 4.20015e+12 4.20017e+12 3.89339e+06 0 3.65933e+06 0 8.44204e+06 0 8.30082e+06 0 46 13 78 1035 8.54015e+16 1.36699e+09 1.90964e+17 -4.9047e+06 5.12409e+17 1.03966e+08 3.72906e+09 2.52329e+15 9.36261e+12 3.58691e+16 0 5.12409e+17 269128 1.84988e+07 0
7 290304 2.84615 2.33161 1.34999 2 7 2 3 12 2.16568e+08 4.20015e+12 4.20017e+12 3.89339e+06 0 3.65933e+06 0 8.44204e+06 0 8.30082e+06 0 46 13 78 1035 8.54015e+16 1.36699e+09 1.90964e+17 -4.9047e+06 5.12409e+17 1.03966e+08 3.72906e+09 2.52329e+15 9.36261e+12 3.58691e+16 0 5.12409e+17 269128 1.84988e+07 0
2 3.3443e+11 4.65 3.30783 3.62319 2 15 2 5 19 2.49604e+08 4.20013e+12 4.20019e+12 0 0 0 0 0 0 0 0 46 20 190 1035 2.69689e+16 987482 1.14419e+17 -3.30259e+07 5.12409e+17 0 9.3068e+06 2.52329e+15 9.36261e+12 3.58691e+16 0 5.12409e+17 269128 1.84988e+07 9
2 3.3443e+11 4.65 3.30783 3.62319 2 15 2 5 19 2.49604e+08 4.20013e+12 4.20019e+12 0 0 0 0 0 0 0 0 46 20 190 1035 2.69689e+16 987482 1.14419e+17 -3.30259e+07 5.12409e+17 0 9.3068e+06 2.52329e+15 9.36261e+12 3.58691e+16 0 5.12409e+17 269128 1.84988e+07 9
12 -3.45296e+18 31.4651 11.5899 47.4476 2 162 4 37 42 2.8766e+08 4.20005e+12 4.21062e+12 1.02252e+09 1.39646e+08 2.40893e+09 0 8.91975e+09 0 9.59606e+08 0 46 43 903 1035 3.33274e+07 306274 1.74387e+08 -28896 1.13524e+09 8776 960112 2.52329e+15 9.36261e+12 3.58691e+16 0 5.12409e+17 269128 1.84988e+07 85
159 1.48284e+18 35.9767 13.5346 52.6641 2 168 5 42 42 4.65317e+08 4.20002e+12 5.1241e+17 1.52171e+10 1.34295e+09 7.29403e+10 0 6.25339e+11 2.32388e+08 2.50841e+09 3.6367e+09 46 43 903 1035 3.66007e+16 1.22586e+15 1.31966e+17 0 5.12409e+17 60083 1.9706e+07 2.52329e+15 9.36261e+12 3.58691e+16 0 5.12409e+17 269128 1.84988e+07 126
5 3.39739e+10 3.57143 2.69562 1.86628 2 8 2 4 20 7.06351e+07 4.19865e+12 4.19874e+12 3.06579e+07 3.92986e+07 1.62845e+07 0 4.43018e+07 2.81306e+07 4.15583e+07 4.43018e+07 46 21 210 1035 -1.83239e+08 -15599.9 8.13469e+08 -3.72821e+09 6.62419e+07 0 74576 2.52329e+15 9.36261e+12 3.58691e+16 0 5.12409e+17 269128 1.84988e+07 7
5 3.39739e+10 3.57143 2.69562 1.86628 2 8 2 4 20 7.06351e+07 4.19865e+12 4.19874e+12 3.06579e+07 3.92986e+07 1.62845e+07 0 4.43018e+07 2.81306e+07 4.15583e+07 4.43018e+07 46 21 210 1035 -1.83239e+08 -15599.9 8.13469e+08 -3.72821e+09 6.62419e+07 0 74576 2.52329e+15 9.36261e+12 3.58691e+16 0 5.12409e+17 269128 1.84988e+07 7
8 -5.67016e+17 11.6296 5.48408 17.6722 2 90 3 13 26 3.79713e+08 4.19862e+12 4.1989e+12 5.52224e+07 8.83332e+06 7.42785e+07 0 1.81834e+08 0 1.59e+08 0 46 27 351 1035 7.88322e+16 6.4386e+15 1.84878e+17 -3.85666e+06 5.12409e+17 43486 8.1871e+06 2.52329e+15 9.36261e+12 3.58691e+16 0 5.12409e+17 269128 1.84988e+07 17
91 -8.38936e+18 13.6176 4.68092 22.9885 2 105 2 13 33 1.53444e+09 4.19862e+12 4.1989e+12 1.24083e+08 1.35748e+08 7.58192e+07 0 2.5769e+08 5.80901e+07 1.93989e+08 0 46 34 561 1035 1.55276e+16 5.0383e+15 1.9885e+17 -5.12409e+17 5.12409e+17 73910 3.72652e+09 2.52329e+15 9.36261e+12 3.58691e+16 0 5.12409e+17 269128 1.84988e+07 21
91 -8.38936e+18 13.6176 4.68092 22.9885 2 105 2 13 33 1.53444e+09 4.19862e+12 4.1989e+12 1.24083e+08 1.35748e+08 7.58192e+07 0 2.5769e+08 5.80901e+07 1.93989e+08 0 46 34 561 1035 1.55276e+16 5.0383e+15 1.9885e+17 -5.12409e+17 5.12409e+17 73910 3.72652e+09 2.52329e+15 9.36261e+12 3.58691e+16 0 5.12409e+17 269128 1.84988e+07 21
121 -4.42114e+16 24.6944 7.5692 38.2447 2 157 3 33 35 1.53714e+09 4.19862e+12 4.20017e+12 1.7154e+08 1.86834e+08 1.04764e+08 0 3.80313e+08 7.40139e+07 2.52185e+08 2.01568e+08 46 36 630 1035 1.46403e+16 1.27973e+08 8.53667e+16 -2.66868e+11 5.12409e+17 0 2.13755e+07 2.52329e+15 9.36261e+12 3.58691e+16 0 5.12409e+17 269128 1.84988e+07 59
18 8.21695e+12 4.86364 3.2703 3.91147 2 18 2 6 21 1.84788e+08 4.19404e+12 4.19414e+12 3.0308e+07 2.33019e+07 2.36414e+07 0 6.1998e+07 0 5.20303e+07 0 46 22 231 1035 1.79684e+09 1.13978e+09 1.58133e+17 -5.12409e+17 5.12409e+17 71955 3.72446e+09 2.52329e+15 9.36261e+12 3.58691e+16 0 5.12409e+17 269128 1.84988e+07 4
18 8.21695e+12 4.86364 3.2703 3.91147 2 18 2 6 21 1.84788e+08 4.19404e+12 4.19414e+12 3.0308e+07 2.33019e+07 2.36414e+07 0 6.1998e+07 0 5.20303e+07 0 46 22 231 1035 1.79684e+09 1.13978e+09 1.58133e+17 -5.12409e+17 5.12409e+17 71955 3.72446e+09 2.52329e+15 9.36261e+12 3.58691e+16 0 5.12409e+17 269128 1.84988e+07 4
2 1.52882e+10 3.52381 2.59366 2.21723 2 10 2 4 20 2.92779e+08 4.19397e+12 4.19401e+12 0 0 0 0 0 0 0 0 46 21 210 1035 1.02482e+17 8.00639e+15 2.04964e+17 0 5.12409e+17 0 3.17968e+07 2.52329e+15 9.36261e+12 3.58691e+16 0 5.12409e+17 269128 1.84988e+07 0
2 1.52882e+10 3.52381 2.59366 2.21723 2 10 2 4 20 2.92779e+08 4.19397e+12 4.19401e+12 0 0 0 0 0 0 0 0 46 21 210 1035 1.02482e+17 8.00639e+15 2.04964e+17 0 5.12409e+17 0 3.17968e+07 2.52329e+15 9.36261e+12 3.58691e+16 0 5.12409e+17 269128 1.84988e+07 0
110 -6.00871e+18 30.8421 10.5477 45.0745 2 162 4 37 37 2.76606e+08 4.19391e+12 4.19867e+12 1.68057e+08 1.70367e+08 1.13462e+08 0 4.00179e+08 7.8055e+07 2.48496e+08 8.3619e+06 46 38 703 1035 4.15467e+16 2.94325e+15 1.39867e+17 -1.77729e+10 5.12409e+17 109292 3.65248e+09 2.52329e+15 9.36261e+12 3.58691e+16 0 5.12409e+17 269128 1.84988e+07 68
121 -7.40513e+18 30.8947 10.5506 45.1732 2 162 4 37 37 4.28859e+08 4.19391e+12 4.19867e+12 6.40421e+08 4.89754e+08 6.30208e+08 0 2.76765e+09 1.60776e+08 8.92245e+08 1.34462e+09 46 38 703 1035 5.53956e+16 1.56812e+16 2.31736e+17 -5.12409e+17 5.12409e+17 0 3.72702e+09 2.52329e+15 9.36261e+12 3.58691e+16 0 5.12409e+17 269128 1.84988e+07 69
6 3.27001e+13 5 3.28179 4.1807 2 18 2 6 22 6.13008e+08 4.19303e+12 4.1931e+12 2.39444e+07 1.93641e+07 1.99784e+07 0 5.46779e+07 0 3.96289e+07 0 46 23 253 1035 6.86633e+08 6.71984e+07 1.44568e+09 0 3.78744e+09 0 1.56127e+07 2.52329e+15 9.36261e+12 3.58691e+16 0 5.12409e+17 269128 1.84988e+07 0
6 3.27001e+13 5 3.28179 4.1807 2 18 2 6 22 6.13008e+08 4.19303e+12 4.1931e+12 2.39444e+07 1.93641e+07 1.99784e+07 0 5.46779e+07 0 3.96289e+07 0 46 23 253 1035 6.86633e+08 6.71984e+07 1.44568e+09 0 3.78744e+09 0 1.56127e+07 2.52329e+15 9.36261e+12 3.58691e+16 0 5.12409e+17 269128 1.84988e+07 0
19 4.95626e+13 5.13043 3.37856 4.38678 2 19 2 6 22 1.58683e+09 4.19303e+12 4.1931e+12 2.13129e+07 1.76168e+07 1.72426e+07 0 4.84682e+07 0 3.94877e+07 0 46 23 253 1035 1.16457e+17 2.32729e+16 2.64539e+17 -5.12409e+17 5.12409e+17 3.3907e+06 5.12409e+17 2.52329e+15 9.36261e+12 3.58691e+16 0 5.12409e+17 269128 1.84988e+07 1
90 1.08989e+18 26.8421 8.8038 41.0632 2 161 3 32 37 5.51986e+08 4.19297e+12 4.19401e+12 2.86242e+08 3.47395e+08 1.47681e+08 0 6.54115e+08 2.02054e+08 3.95093e+08 0 46 38 703 1035 1.22022e+10 5.30513e+08 5.15201e+10 0 2.83474e+11 9871 1.58524e+07 2.52329e+15 9.36261e+12 3.58691e+16 0 5.12409e+17 269128 1.84988e+07 25
4 4608 2.4 2.05556 0.663325 2 4 2 3 9 2.69863e+08 4.19309e+12 4.1931e+12 2.25421e+06 0 3.90441e+06 0 9.01684e+06 0 9.01684e+06 0 46 10 45 1035 1.13869e+17 2.84672e+16 2.13029e+17 0 5.12409e+17 1.51113e+07 3.64984e+09 2.52329e+15 9.36261e+12 3.58691e+16 0 5.12409e+17 269128 1.84988e+07 0
4 4608 2.4 2.05556 0.663325 2 4 2 3 9 2.69863e+08 4.19309e+12 4.1931e+12 2.25421e+06 0 3.90441e+06 0 9.01684e+06 0 9.01684e+06 0 46 10 45 1035 1.13869e+17 2.84672e+16 2.13029e+17 0 5.12409e+17 1.51113e+07 3.64984e+09 2.52329e+15 9.36261e+12 3.58691e+16 0 5.12409e+17 269128 1.84988e+07 0
3 2.54804e+10 3.34783 2.24527 2.52997 2 12 2 4 22 1.07685e+08 4.19306e+12 4.1931e+12 9.22236e+06 2.76671e+07 1.30424e+07 0 2.76671e+07 0 2.76671e+07 0 46 23 253 1035 2.32913e+16 1.49134e+08 1.06734e+17 -9.01943e+10 5.12409e+17 0 3.30772e+06 2.52329e+15 9.36261e+12 3.58691e+16 0 5.12409e+17 269128 1.84988e+07 2
3 2.54804e+10 3.34783 2.24527 2.52997 2 12 2 4 22 1.07685e+08 4.19306e+12 4.1931e+12 9.22236e+06 2.76671e+07 1.30424e+07 0 2.76671e+07 0 2.76671e+07 0 46 23 253 1035 2.32913e+16 1.49134e+08 1.06734e+17 -9.01943e+10 5.12409e+17 0 3.30772e+06 2.52329e+15 9.36261e+12 3.58691e+16 0 5.12409e+17 269128 1.84988e+07 2
5 4.43419e+11 3.78261 2.64463 2.65324 2 12 2 5 22 2.78797e+08 4.19305e+12 4.1931e+12 4.38669e+06 2.98497e+06 4.30235e+06 0 9.88286e+06 0 9.06562e+06 0 46 23 253 1035 -1.65599e+08 147647 7.77665e+08 -3.72877e+09 6.51471e+07 0 1.28288e+06 2.52329e+15 9.36261e+12 3.58691e+16 0 5.12409e+17 269128 1.84988e+07 7
15 1.61243e+12 4.17391 2.77675 3.29231 2 15 2 5 22 1.58536e+09 4.19305e+12 4.1931e+12 2.00872e+07 1.50327e+07 1.56281e+07 0 4.10672e+07 0 3.57944e+07 0 46 23 253 1035 2.32913e+16 8.38551e+08 1.87781e+17 -5.12409e+17 5.12409e+17 0 3.73335e+09 2.52329e+15 9.36261e+12 3.58691e+16 0 5.12409e+17 269128 1.84988e+07 8
17 3.71195e+12 4.43478 3.00577 3.77435 2 17 2 5 22 1.58536e+09 4.19305e+12 4.1931e+12 2.08162e+07 1.60716e+07 1.74899e+07 0 4.82027e+07 2.55543e+06 3.61062e+07 0 46 23 253 1035 9.31653e+16 9.13761e+15 1.97633e+17 -4.86282e+09 5.12409e+17 0 3.72666e+09 2.52329e+15 9.36261e+12 3.58691e+16 0 5.12409e+17 269128 1.84988e+07 9
2 1.28099e+13 4.41667 2.73759 3.65053 2 16 2 5 23 3.78554e+08 4.19305e+12 4.1931e+12 0 0 0 0 0 0 0 0 46 24 276 1035 6.6836e+16 5.12409e+15 1.7257e+17 -1.04944e+07 5.12409e+17 -27612 3.00808e+06 2.52329e+15 9.36261e+12 3.58691e+16 0 5.12409e+17 269128 1.84988e+07 0
2 1.28099e+13 4.41667 2.73759 3.65053 2 16 2 5 23 3.78554e+08 4.19305e+12 4.1931e+12 0 0 0 0 0 0 0 0 46 24 276 1035 6.6836e+16 5.12409e+15 1.7257e+17 -1.04944e+07 5.12409e+17 -27612 3.00808e+06 2.52329e+15 9.36261e+12 3.58691e+16 0 5.12409e+17 269128 1.84988e+07 0
6 2.93987e+13 4.58333 2.98352 3.78502 2 17 2 6 23 6.41434e+07 4.19305e+12 4.1931e+12 1.16436e+07 0 1.1842e+07 0 2.74445e+07 0 2.2218e+07 0 46 24 276 1035 2.22787e+16 1.08418e+08 1.04496e+17 -2.92935e+07 5.12409e+17 0 2.27051e+06 2.52329e+15 9.36261e+12 3.58691e+16 0 5.12409e+17 269128 1.84988e+07 11
13 3.67876e+13 4.70833 2.98352 4.07716 2 18 2 6 23 1.63936e+08 4.19304e+12 4.1931e+12 2.17296e+07 1.61891e+07 1.86924e+07 0 4.84298e+07 277514 3.68508e+07 0 46 24 276 1035 4.45573e+16 1.73765e+08 1.44382e+17 -3.53451e+09 5.12409e+17 0 2.29081e+07 2.52329e+15 9.36261e+12 3.58691e+16 0 5.12409e+17 269128 1.84988e+07 12
54 7.42549e+18 26.6585 9.87796 40.2423 2 161 3 32 40 4.82858e+08 4.19297e+12 4.19401e+12 2.58009e+08 2.65428e+08 1.83435e+08 0 9.14715e+08 1.42184e+08 3.59657e+08 0 46 41 820 1035 3.84307e+16 6.58325e+15 2.10883e+17 -5.12409e+17 5.12409e+17 0 3.73661e+09 2.52329e+15 9.36261e+12 3.58691e+16 0 5.12409e+17 269128 1.84988e+07 39
128 -8.87091e+18 33.1136 11.3959 47.8697 2 162 4 41 43 5.95445e+08 4.19292e+12 4.19867e+12 8.44971e+08 4.32764e+08 1.2839e+09 0 5.72983e+09 1.99112e+08 8.80958e+08 3.20202e+08 46 44 946 1035 1.19165e+16 1.31648e+08 1.3482e+17 -5.12409e+17 5.12409e+17 21743 3.1123e+07 2.52329e+15 9.36261e+12 3.58691e+16 0 5.12409e+17 269128 1.84988e+07 110
134 9.90792e+16 33.6818 11.7392 48.5966 2 162 4 42 43 -1.32435e+09 4.19292e+12 4.20017e+12 2.19711e+09 1.31896e+09 2.08826e+09 0 6.62727e+09 3.43382e+08 4.87035e+09 5.05492e+09 46 44 946 1035 2.5111e+06 727330 4.46243e+06 0 2.35854e+07 19073 3.15094e+06 2.52329e+15 9.36261e+12 3.58691e+16 0 5.12409e+17 269128 1.84988e+07 171
166 -5.3098e+18 38.8667 14.9407 55.0231 2 168 5 42 44 5.95804e+08 4.1929e+12 5.1241e+17 5.71253e+09 1.15891e+09 1.46048e+10 0 1.15682e+11 2.20218e+08 4.91652e+09 6.91563e+08 46 45 990 1035 -1.16457e+16 8.1648e+07 7.63657e+16 -5.12409e+17 3.53421e+10 22602 6.15178e+07 2.52329e+15 9.36261e+12 3.58691e+16 0 5.12409e+17 269128 1.84988e+07 299
